   1.0000000000000000E-004   1.8168314818225237       0.18885618268394883     
   1.0092620899547550E-004   1.8137549767040957       0.18837766189474703     
   1.0186099662198389E-004   1.8106836811407849       0.18790024911749992     
   1.0280444233557770E-004   1.8076175863110677       0.18742394198653489     
   1.0375662632823813E-004   1.8045566834083571       0.18694873814111745     
   1.0471762953469218E-004   1.8015009636409782       0.18647463522544089     
   1.0568753363929121E-004   1.7984504182321468       0.18600163088861771     
   1.0666642108295441E-004   1.7954050384199363       0.18552972278466895     
   1.0765437507017651E-004   1.7923648154572598       0.18505890857251495     
   1.0865147957609931E-004   1.7893297406118409       0.18458918591596579     
   1.0965781935365035E-004   1.7862998051661896       0.18412055248371123     
   1.1067347994074614E-004   1.7832750004175797       0.18365300594931186     
   1.1169854766756299E-004   1.7802553176780189       0.18318654399118922     
   1.1273310966387545E-004   1.7772407482742285       0.18272116429261553     
   1.1377725386646141E-004   1.7742312835476157       0.18225686454170509     
   1.1483106902657757E-004   1.7712269148542490       0.18179364243140461     
   1.1589464471750241E-004   1.7682276335648361       0.18133149565948350     
   1.1696807134215017E-004   1.7652334310646949       0.18087042192852404     
   1.1805144014075536E-004   1.7622442987537317       0.18041041894591281     
   1.1914484319862729E-004   1.7592602280464151       0.17995148442383069     
   1.2024837345397816E-004   1.7562812103717524       0.17949361607924313     
   1.2136212470582188E-004   1.7533072371732654       0.17903681163389173     
   1.2248619162194725E-004   1.7503382999089629       0.17858106881428371     
   1.2362066974696509E-004   1.7473743900513197       0.17812638535168374     
   1.2476565551042842E-004   1.7444154990872491       0.17767275898210311     
   1.2592124623502998E-004   1.7414616185180811       0.17722018744629209     
   1.2708754014487369E-004   1.7385127398595372       0.17676866848972961     
   1.2826463637382392E-004   1.7355688546417045       0.17631819986261385     
   1.2945263497393219E-004   1.7326299544090129       0.17586877931985356     
   1.3065163692394069E-004   1.7296960307202105       0.17542040462105860     
   1.3186174413786623E-004   1.7267670751483384       0.17497307353053038     
   1.3308305947366204E-004   1.7238430792807098       0.17452678381725323     
   1.3431568674196096E-004   1.7209240347188803       0.17408153325488496     
   1.3555973071489969E-004   1.7180099330786294       0.17363731962174742     
   1.3681529713502330E-004   1.7151007659899324       0.17319414070081768     
   1.3808249272427442E-004   1.7121965250969378       0.17275199427971877     
   1.3936142519306347E-004   1.7092972020579449       0.17231087815071072     
   1.4065220324942432E-004   1.7064027885453767       0.17187079011068115     
   1.4195493660825497E-004   1.7035132762457583       0.17143172796113665     
   1.4326973600064217E-004   1.7006286568596918       0.17099368950819294     
   1.4459671318327398E-004   1.6977489221018343       0.17055667256256726     
   1.4593598094793936E-004   1.6948740637008708       0.17012067493956737     
   1.4728765313111445E-004   1.6920040733994939       0.16968569445908432     
   1.4865184462363958E-004   1.6891389429543773       0.16925172894558255     
   1.5002867138048384E-004   1.6862786641361562       0.16881877622809141     
   1.5141825043060226E-004   1.6834232287293962       0.16838683414019501     
   1.5282069988688211E-004   1.6805726285325793       0.16795590052002574     
   1.5423613895618288E-004   1.6777268553580720       0.16752597321025242     
   1.5566468794946914E-004   1.6748859010321062       0.16709705005807360     
   1.5710646829203583E-004   1.6720497573947561       0.16666912891520777     
   1.5856160253383052E-004   1.6692184162999115       0.16624220763788453     
   1.6003021435986896E-004   1.6663918696152571       0.16581628408683602     
   1.6151242860074864E-004   1.6635701092222483       0.16539135612728789     
   1.6300837124325971E-004   1.6607531270160871       0.16496742162895062     
   1.6451816944109272E-004   1.6579409149057021       0.16454447846601061     
   1.6604195152564774E-004   1.6551334648137195       0.16412252451712156     
   1.6757984701694134E-004   1.6523307686764461       0.16370155766539563     
   1.6913198663461617E-004   1.6495328184438409       0.16328157579839475     
   1.7069850230905240E-004   1.6467396060794957       0.16286257680812177     
   1.7227952719258080E-004   1.6439511235606108       0.16244455859101226     
   1.7387519567080097E-004   1.6411673628779708       0.16202751904792495     
   1.7548564337400456E-004   1.6383883160359234       0.16161145608413424     
   1.7711100718870247E-004   1.6356139750523551       0.16119636760932018     
   1.7875142526926148E-004   1.6328443319586683       0.16078225153756115     
   1.8040703704964584E-004   1.6300793787997612       0.16036910578732461     
   1.8207798325527050E-004   1.6273191076340001       0.15995692828145830     
   1.8376440591496117E-004   1.6245635105332004       0.15954571694718223     
   1.8546644837302747E-004   1.6218125795826019       0.15913546971608011     
   1.8718425530144737E-004   1.6190663068808471       0.15872618452408982     
   1.8891797271216321E-004   1.6163246845399593       0.15831785931149656     
   1.9066774796949301E-004   1.6135877046853164       0.15791049202292282     
   1.9243372980265702E-004   1.6108553594556321       0.15750408060732063     
   1.9421606831841805E-004   1.6081276410029333       0.15709862301796340     
   1.9601491501384206E-004   1.6054045414925320       0.15669411721243676     
   1.9783042278917373E-004   1.6026860531030118       0.15629056115263024     
   1.9966274596083428E-004   1.5999721680261971       0.15588795280472967     
   2.0151204027453692E-004   1.5972628784671357       0.15548629013920762     
   2.0337846291852569E-004   1.5945581766440755       0.15508557113081586     
   2.0526217253693686E-004   1.5918580547884389       0.15468579375857672     
   2.0716332924328241E-004   1.5891625051448059       0.15428695600577488     
   2.0908209463406000E-004   1.5864715199708876       0.15388905585994866     
   2.1101863180248928E-004   1.5837850915375056       0.15349209131288191     
   2.1297310535237302E-004   1.5811032121285709       0.15309606036059675     
   2.1494568141209022E-004   1.5784258740410568       0.15270096100334304     
   2.1693652764871510E-004   1.5757530695849851       0.15230679124559210     
   2.1894581328226948E-004   1.5730847910833963       0.15191354909602811     
   2.2097370910010685E-004   1.5704210308723305       0.15152123256753891     
   2.2302038747142768E-004   1.5677617813008076       0.15112983967720914     
   2.2508602236193234E-004   1.5651070347308011       0.15073936844631078     
   2.2717078934860656E-004   1.5624567835372192       0.15034981690029620     
   2.2927486563464582E-004   1.5598110201078819       0.14996118306878906     
   2.3139843006451827E-004   1.5571697368434980       0.14957346498557636     
   2.3354166313916468E-004   1.5545329261576468       0.14918666068860084     
   2.3570474703134273E-004   1.5519005804767521       0.14880076821995253     
   2.3788786560110977E-004   1.5492726922400628       0.14841578562586052     
   2.4009120441145169E-004   1.5466492538996306       0.14803171095668471     
   2.4231495074405600E-004   1.5440302579202880       0.14764854226690888     
   2.4455929361522923E-004   1.5414156967796286       0.14726627761513117     
   2.4682442379196483E-004   1.5388055629679827       0.14688491506405704     
   2.4911053380815656E-004   1.5361998489883968       0.14650445268049106     
   2.5141781798096452E-004   1.5335985473566127       0.14612488853532840     
   2.5374647242733239E-004   1.5310016506010453       0.14574622070354804     
   2.5609669508065588E-004   1.5284091512627627       0.14536844726420356     
   2.5846868570760835E-004   1.5258210418954616       0.14499156630041571     
   2.6086264592511927E-004   1.5232373150654488       0.14461557589936497     
   2.6327877921751309E-004   1.5206579633516186       0.14424047415228297     
   2.6571729095380381E-004   1.5180829793454313       0.14386625915444431     
   2.6817838840515146E-004   1.5155123556508936       0.14349292900516031     
   2.7066228076248121E-004   1.5129460848845351       0.14312048180776915     
   2.7316917915426247E-004   1.5103841596753875       0.14274891566962933     
   2.7569929666445555E-004   1.5078265726649660       0.14237822870211136     
   2.7825284835062439E-004   1.5052733165072445       0.14200841902059025     
   2.8083005126221440E-004   1.5027243838686366       0.14163948474443752     
   2.8343112445900349E-004   1.5001797674279742       0.14127142399701317     
   2.8605628902971984E-004   1.4976394598764864       0.14090423490565845     
   2.8870576811083649E-004   1.4951034539177781       0.14053791560168782     
   2.9137978690553572E-004   1.4925717422678106       0.14017246422038149     
   2.9407857270285180E-004   1.4900443176548785       0.13980787890097701     
   2.9680235489699160E-004   1.4875211728195901       0.13944415778666291     
   2.9955136500683065E-004   1.4850023005148456       0.13908129902456912     
   3.0232583669559322E-004   1.4824876935058187       0.13871930076576150     
   3.0512600579071439E-004   1.4799773445699327       0.13835816116523220     
   3.0795211030388279E-004   1.4774712464968414       0.13799787838189359     
   3.1080439045127393E-004   1.4749693920884082       0.13763845057856963     
   3.1368308867396643E-004   1.4724717741586848       0.13727987592198859     
   3.1658844965854979E-004   1.4699783855338930       0.13692215258277560     
   3.1952072035792371E-004   1.4674892190524000       0.13656527873544533     
   3.2248015001228660E-004   1.4650042675647013       0.13620925255839378     
   3.2546699017032329E-004   1.4625235239333982       0.13585407223389107     
   3.2848149471058417E-004   1.4600469810331784       0.13549973594807374     
   3.3152391986306562E-004   1.4575746317507958       0.13514624189093827     
   3.3459452423099034E-004   1.4551064689850481       0.13479358825633181     
   3.3769356881278585E-004   1.4526424856467588       0.13444177324194637     
   3.4082131702427212E-004   1.4501826746587547       0.13409079504931026     
   3.4397803472104900E-004   1.4477270289558475       0.13374065188378126     
   3.4716399022109484E-004   1.4452755414848129       0.13339134195453922     
   3.5037945432757431E-004   1.4428282052043688       0.13304286347457772     
   3.5362470035185390E-004   1.4403850130851574       0.13269521466069845     
   3.5690000413673604E-004   1.4379459581097236       0.13234839373350185     
   3.6020564407990296E-004   1.4355110332724952       0.13200239891738141     
   3.6354190115758111E-004   1.4330802315797633       0.13165722844051508     
   3.6690905894842525E-004   1.4306535460496610       0.13131288053485851     
   3.7030740365761970E-004   1.4282309697121438       0.13096935343613830     
   3.7373722414120832E-004   1.4258124956089708       0.13062664538384317     
   3.7719881193064428E-004   1.4233981167936833       0.13028475462121825     
   3.8069246125757258E-004   1.4209878263315847       0.12994367939525722     
   3.8421846907883732E-004   1.4185816172997221       0.12960341795669439     
   3.8777713510172333E-004   1.4161794827868655       0.12926396855999892     
   3.9136876180943271E-004   1.4137814158934865       0.12892532946336599     
   3.9499365448679273E-004   1.4113874097317416       0.12858749892871058     
   3.9865212124620642E-004   1.4089974574254502       0.12825047522166039     
   4.0234447305384269E-004   1.4066115521100746       0.12791425661154784     
   4.0607102375606589E-004   1.4042296869327020       0.12757884137140382     
   4.0983209010611360E-004   1.4018518550520240       0.12724422777794986     
   4.1362799179102123E-004   1.3994780496383161       0.12691041411159129     
   4.1745905145879433E-004   1.3971082638734187       0.12657739865641010     
   4.2132559474583240E-004   1.3947424909507184       0.12624517970015786     
   4.2522795030460847E-004   1.3923807240751276       0.12591375553424872     
   4.2916644983160586E-004   1.3900229564630644       0.12558312445375172     
   4.3314142809550903E-004   1.3876691813424340       0.12525328475738487     
   4.3715322296566022E-004   1.3853193919526101       0.12492423474750708     
   4.4120217544077928E-004   1.3829735815444124       0.12459597273011151     
   4.4528862967794537E-004   1.3806317433800910       0.12426849701481864     
   4.4941293302185162E-004   1.3782938707333048       0.12394180591486945     
   4.5357543603432980E-004   1.3759599568891019       0.12361589774711765     
   4.5777649252414697E-004   1.3736299951439017       0.12329077083202344     
   4.6201645957707788E-004   1.3713039788054751       0.12296642349364664     
   4.6629569758625773E-004   1.3689819011929252       0.12264285405963909     
   4.7061457028281685E-004   1.3666637556366676       0.12232006086123819     
   4.7497344476679469E-004   1.3643495354784121       0.12199804223326015     
   4.7937269153834410E-004   1.3620392340711436       0.12167679651409224     
   4.8381268452922526E-004   1.3597328447791017       0.12135632204568705     
   4.8829380113458640E-004   1.3574303609777632       0.12103661717355486     
   4.9281642224504370E-004   1.3551317760538228       0.12071768024675711     
   4.9738093227905730E-004   1.3528370834051728       0.12039950961789900     
   5.0198771921560587E-004   1.3505462764408853       0.12008210364312376     
   5.0663717462716309E-004   1.3482593485811936       0.11976546068210461     
   5.1132969371298228E-004   1.3459762932574726       0.11944957909803888     
   5.1606567533268920E-004   1.3436971039122199       0.11913445725764085     
   5.2084552204018195E-004   1.3414217739990368       0.11882009353113467     
   5.2566964011784890E-004   1.3391502969826110       0.11850648629224862     
   5.3053843961110413E-004   1.3368826663386950       0.11819363391820685     
   5.3545233436323757E-004   1.3346188755540904       0.11788153478972409     
   5.4041174205059282E-004   1.3323589181266278       0.11757018729099838     
   5.4541708421807129E-004   1.3301027875651470       0.11725958980970379     
   5.5046878631495870E-004   1.3278504773894808       0.11694974073698489     
   5.5556727773109266E-004   1.3256019811304340       0.11664063846744874     
   5.6071299183335578E-004   1.3233572923297670       0.11633228139915985     
   5.6590636600251608E-004   1.3211164045401751       0.11602466793363192     
   5.7114784167039997E-004   1.3188793113252719       0.11571779647582235     
   5.7643786435741470E-004   1.3166460062595702       0.11541166543412487     
   5.8177688371041994E-004   1.3144164829284615       0.11510627322036340     
   5.8716535354094289E-004   1.3121907349282014       0.11480161824978552     
   5.9260373186375409E-004   1.3099687558658886       0.11449769894105555     
   5.9809248093579969E-004   1.3077505393594462       0.11419451371624802     
   6.0363206729548895E-004   1.3055360790376060       0.11389206100084144     
   6.0922296180235453E-004   1.3033253685398867       0.11359033922371138     
   6.1486563967706959E-004   1.3011184015165786       0.11328934681712427     
   6.2056058054184662E-004   1.2989151716287235       0.11298908221673093     
   6.2630826846120011E-004   1.2967156725480982       0.11268954386155938     
   6.3210919198309398E-004   1.2945198979571941       0.11239073019400922     
   6.3796384418046887E-004   1.2923278415492012       0.11209263965984501     
   6.4387272269314966E-004   1.2901394970279882       0.11179527070818929     
   6.4983632977014597E-004   1.2879548581080862       0.11149862179151668     
   6.5585517231234495E-004   1.2857739185146684       0.11120269136564689     
   6.6192976191559324E-004   1.2835966719835350       0.11090747788973929     
   6.6806061491418429E-004   1.2814231122610926       0.11061297982628518     
   6.7424825242474768E-004   1.2792532331043376       0.11031919564110285     
   6.8049320039054206E-004   1.2770870282808371       0.11002612380332960     
   6.8679598962615839E-004   1.2749244915687128       0.10973376278541683     
   6.9315715586264009E-004   1.2727656167566217       0.10944211106312324     
   6.9957723979302208E-004   1.2706103976437386       0.10915116711550769     
   7.0605678711828422E-004   1.2684588280397389       0.10886092942492397     
   7.1259634859373831E-004   1.2663109017647800       0.10857139647701412     
   7.1919648007584352E-004   1.2641666126494828       0.10828256676070175     
   7.2585774256944907E-004   1.2620259545349168       0.10799443876818637     
   7.3258070227548194E-004   1.2598889212725797       0.10770701099493671     
   7.3936593063907434E-004   1.2577555067243811       0.10742028193968420     
   7.4621400439813456E-004   1.2556257047626231       0.10713425010441788     
   7.5312550563236800E-004   1.2534995092699859       0.10684891399437654     
   7.6010102181275462E-004   1.2513769141395075       0.10656427211804397     
   7.6714114585148556E-004   1.2492579132745667       0.10628032298714206     
   7.7424647615235574E-004   1.2471425005888668       0.10599706511662399     
   7.8141761666163014E-004   1.2450306700064169       0.10571449702466959     
   7.8865517691938049E-004   1.2429224154615139       0.10543261723267769     
   7.9595977211129097E-004   1.2408177308987272       0.10515142426526089     
   8.0333202312095125E-004   1.2387166102728797       0.10487091665023898     
   8.1077255658263282E-004   1.2366190475490304       0.10459109291863286     
   8.1828200493454695E-004   1.2345250367024583       0.10431195160465856     
   8.2586100647260804E-004   1.2324345717186431       0.10403349124572120     
   8.3351020540468098E-004   1.2303476465932504       0.10375571038240843     
   8.4123025190534543E-004   1.2282642553321117       0.10347860755848472     
   8.4902180217115398E-004   1.2261843919512101       0.10320218132088541     
   8.5688551847641051E-004   1.2241080504766608       0.10292643021971043     
   8.6482206922946592E-004   1.2220352249446951       0.10265135280821806     
   8.7283212902952560E-004   1.2199659094016433       0.10237694764281931     
   8.8091637872399740E-004   1.2179000979039156       0.10210321328307179     
   8.8907550546635608E-004   1.2158377845179889       0.10183014829167333     
   8.9731020277455389E-004   1.2137789633203862       0.10155775123445653     
   9.0562117058997119E-004   1.2117236283976613       0.10128602068038227     
   9.1400911533690509E-004   1.2096717738463818       0.10101495520153436     
   9.2247474998262153E-004   1.2076233937731107       0.10074455337311268     
   9.3101879409795074E-004   1.2055784822943918       0.10047481377342815     
   9.3964197391845246E-004   1.2035370335367310       0.10020573498389604     
   9.4834502240614873E-004   1.2014990416365798        9.9937315589030545E-002
   9.5712867931181764E-004   1.1994645007403195        9.9669554176438913E-002
   9.6599369123787960E-004   1.1974334050042421        9.9402449336814899E-002
   9.7494081170185058E-004   1.1954057485945364        9.9135999663933577E-002
   9.8397080120039403E-004   1.1933815256872691        9.8870203754645031E-002
   9.9308442727396445E-004   1.1913607304683687        9.8605060208868556E-002
   1.0022824645720412E-003   1.1893466766439786        9.8341167122967005E-002
   1.0115656949189809E-003   1.1873426760307901        9.8079164306500960E-002
   1.0209349073804649E-003   1.1853372363209105        9.7816980033454737E-002
   1.0303908983305711E-003   1.1833312993907783        9.7554755559725259E-002
   1.0399344715194686E-003   1.1813258071168327        9.7292632031283771E-002
   1.0495664381417337E-003   1.1793217013755120        9.7030750482170691E-002
   1.0592876169052930E-003   1.1773199240432568        9.6769251833477621E-002
   1.0690988341010268E-003   1.1753214169965041        9.6508276893344735E-002
   1.0790009236729952E-003   1.1733271221116939        9.6247966357992890E-002
   1.0889947272893171E-003   1.1713368080809827        9.5988279078084784E-002
   1.0990810944137236E-003   1.1693492216627763        9.5729022911366646E-002
   1.1092608823777541E-003   1.1673642982921877        9.5470194461123370E-002
   1.1195349564536276E-003   1.1653819808476966        9.5211791512783236E-002
   1.1299041899277928E-003   1.1634022122077816        9.4953811861726217E-002
   1.1403694641751573E-003   1.1614249352509218        9.4696253310376538E-002
   1.1509316687340046E-003   1.1594500928555960        9.4439113669365776E-002
   1.1615917013815941E-003   1.1574776279002839        9.4182390762842391E-002
   1.1723504682104873E-003   1.1555074970001178        9.3926087528045293E-002
   1.1832088837055519E-003   1.1535397395706182        9.3670220329575088E-002
   1.1941678708216968E-003   1.1515743952100332        9.3414783341836699E-002
   1.2052283610623244E-003   1.1496114997947453        9.3159768230961643E-002
   1.2163912945585055E-003   1.1476510892011351        9.2905166623144797E-002
   1.2276576201488874E-003   1.1456931993055848        9.2650970100316421E-002
   1.2390282954603455E-003   1.1437378659844764        9.2397170198923101E-002
   1.2505042869893847E-003   1.1417851251141911        9.2143758411862731E-002
   1.2620865701842884E-003   1.1398350076867985        9.1890728769604940E-002
   1.2737761295280221E-003   1.1378874505105818        9.1638119173678728E-002
   1.2855739586219305E-003   1.1359424317778879        9.1385931971654316E-002
   1.2974810602701772E-003   1.1339999626153725        9.1134150321825924E-002
   1.3094984465649891E-003   1.1320600541496904        9.0882757457437291E-002
   1.3216271389726846E-003   1.1301227175074968        9.0631736685298198E-002
   1.3338681684204950E-003   1.1281879638154468        9.0381071386384265E-002
   1.3462225753841899E-003   1.1262558042001960        9.0130745018463021E-002
   1.3586914099765189E-003   1.1243262497883995        8.9880741120790753E-002
   1.3712757320364728E-003   1.1223993928342428        8.9631020731486918E-002
   1.3839766112193686E-003   1.1204752817980361        8.9381576537757274E-002
   1.3967951270877580E-003   1.1185538293977701        8.9132450257458529E-002
   1.4097323692032083E-003   1.1166349480468056        8.8883683600304436E-002
   1.4227894372188968E-003   1.1147185501585029        8.8635318160800669E-002
   1.4359674409730933E-003   1.1128045481462223        8.8387395413914521E-002
   1.4492675005834841E-003   1.1108928544233254        8.8139956714154255E-002
   1.4626907465423913E-003   1.1089833814031727        8.7893043298137602E-002
   1.4762383198128545E-003   1.1070760461834162        8.7646689985197535E-002
   1.4899113719256162E-003   1.1051708578452175        8.7400880357788258E-002
   1.5037110650770020E-003   1.1032679061268391        8.7155578612906098E-002
   1.5176385722277072E-003   1.1013672833219397        8.6910749552421229E-002
   1.5316950772024847E-003   1.0994690817241799        8.6666358066042809E-002
   1.5458817747907895E-003   1.0975733936272190        8.6422369128824769E-002
   1.5601998708483164E-003   1.0956803113247169        8.6178747802371475E-002
   1.5746505823995107E-003   1.0937899271103326        8.5935459239811079E-002
   1.5892351377410007E-003   1.0919023288008054        8.5692472230125577E-002
   1.6039547765460153E-003   1.0900174936816773        8.5449820916609423E-002
   1.6188107499697435E-003   1.0881353480645637        8.5207529605845572E-002
   1.6338043207556859E-003   1.0862558307045460        8.4965606203227767E-002
   1.6489367633429925E-003   1.0843788803567054        8.4724058502552296E-002
   1.6642093639747777E-003   1.0825044357761224        8.4482894181481305E-002
   1.6796234208074560E-003   1.0806324357178794        8.4242120798746739E-002
   1.6951802440210880E-003   1.0787628189370564        8.4001745793130592E-002
   1.7108811559307330E-003   1.0768955241887352        8.3761776484258144E-002
   1.7267274910988588E-003   1.0750306114449344        8.3522212860240808E-002
   1.7427205964487629E-003   1.0731681769705403        8.3283047219368800E-002
   1.7588618313790756E-003   1.0713081935630460        8.3044276343467102E-002
   1.7751525678792938E-003   1.0694506339205649        8.2805897162945369E-002
   1.7915941906464043E-003   1.0675954707412105        8.2567906750493844E-002
   1.8081880972025878E-003   1.0657426767230960        8.2330302321214438E-002
   1.8249356980139953E-003   1.0638922245643350        8.2093081234448209E-002
   1.8418384166106428E-003   1.0620440869630403        8.1856240997332547E-002
   1.8588976897074140E-003   1.0601982497827840        8.1619778099040335E-002
   1.8761149673261685E-003   1.0583547472425046        8.1383689911150581E-002
   1.8934917129190057E-003   1.0565135898510079        8.1147981786822060E-002
   1.9110294034926426E-003   1.0546747849030538        8.0912659496485059E-002
   1.9287295297339732E-003   1.0528383396934031        8.0677728704091345E-002
   1.9465935961367616E-003   1.0510042615168158        8.0443194964511661E-002
   1.9646231211295283E-003   1.0491725576680533        8.0209063721996599E-002
   1.9828196372046213E-003   1.0473432354418748        7.9975340309719867E-002
   2.0011846910484654E-003   1.0455162998334799        7.9742031757116277E-002
   2.0197198436730326E-003   1.0436917266359456        7.9509161336480061E-002
   2.0384266705485363E-003   1.0418695142868013        7.9276720182191271E-002
   2.0573067617373261E-003   1.0400496715703498        7.9044689615615227E-002
   2.0763617220290629E-003   1.0382322072708920        7.8813051016373564E-002
   2.0955931710771041E-003   1.0364171301727307        7.8581785822196132E-002
   2.1150027435361926E-003   1.0346044490601667        7.8350875529786784E-002
   2.1345920892013761E-003   1.0327941727175034        7.8120301696724626E-002
   2.1543628731482654E-003   1.0309863099290424        7.7890045944423017E-002
   2.1743167758745494E-003   1.0291808571424579        7.7660098659028870E-002
   2.1944554934428323E-003   1.0273778040890333        7.7430473636757868E-002
   2.2147807376248036E-003   1.0255771496962969        7.7201187605454691E-002
   2.2352942360467434E-003   1.0237788928918974        7.6972257291000351E-002
   2.2559977323363513E-003   1.0219830326034858        7.6743699415593947E-002
   2.2768929862709737E-003   1.0201895677587123        7.6515530696964054E-002
   2.2979817739271638E-003   1.0183984972852271        7.6287767848566307E-002
   2.3192658878316672E-003   1.0166098201106795        7.6060427580782936E-002
   2.3407471371137563E-003   1.0148235707848203        7.5833519754752193E-002
   2.3624273476590368E-003   1.0130398345143579        7.5607028090015807E-002
   2.3843083622646279E-003   1.0112585602453890        7.5380944251769139E-002
   2.4063920407957975E-003   1.0094796872901151        7.5155261043749477E-002
   2.4286802603440522E-003   1.0077031549607383        7.4929971186374400E-002
   2.4511749153866939E-003   1.0059289025694607        7.4705067313960094E-002
   2.4738779179478447E-003   1.0041568694284837        7.4480541973900832E-002
   2.4967911977609595E-003   1.0023869948500097        7.4256387627858467E-002
   2.5199167024328594E-003   1.0006192226239872        7.4032598587931486E-002
   2.5432563976092847E-003  0.99885357613552006        7.3809191740363239E-002
   2.5668122671419456E-003  0.99709010220476746        7.3586169801672457E-002
   2.5905863132571804E-003  0.99532883868447719        7.3363528960393137E-002
   2.6145805567261253E-003  0.99356982342739708        7.3141265513938791E-002
   2.6387970370364759E-003  0.99181309428627573        7.2919375866557196E-002
   2.6632378125658459E-003  0.99005868911386086        7.2697856529719690E-002
   2.6879049607567329E-003  0.98830664576290006        7.2476704125000513E-002
   2.7128005782930940E-003  0.98655700206925523        7.2255915384337066E-002
   2.7379267812785561E-003  0.98480974832838530        7.2035477886146726E-002
   2.7632857054162882E-003  0.98306484543590067        7.1815390517735278E-002
   2.7888795061905454E-003  0.98132228243417918        7.1595665597515429E-002
   2.8147103590498521E-003  0.97958204836560103        7.1376315390115130E-002
   2.8407804595919493E-003  0.97784413227254363        7.1157352103222826E-002
   2.8670920237504004E-003  0.97610852319738584        7.0938787885677368E-002
   2.8936472879829370E-003  0.97437521018250617        7.0720634826827361E-002
   2.9204485094615649E-003  0.97264418227028349        7.0502904957192830E-002
   2.9474979662644251E-003  0.97091545470763085        7.0285612670939676E-002
   2.9747979575694265E-003  0.96918908453488017        7.0068762838481319E-002
   3.0023508038496531E-003  0.96746504743166939        6.9852338732814379E-002
   3.0301588470706365E-003  0.96574331380069889        6.9636322677058951E-002
   3.0582244508894044E-003  0.96402385404466906        6.9420696957416025E-002
   3.0865500008553700E-003  0.96230663856628151        6.9205443821622081E-002
   3.1151379046131383E-003  0.96059163776823620        6.8990545478231885E-002
   3.1439905921071321E-003  0.95887882205323405        6.8775984096732135E-002
   3.1731105157881321E-003  0.95716816724486053        6.8561745675633737E-002
   3.2025001508217375E-003  0.95545971165633059        6.8347858712811196E-002
   3.2321619952987613E-003  0.95375347141745659        6.8134331828968692E-002
   3.2620985704475622E-003  0.95204944918403656        6.7921163633659049E-002
   3.2923124208483218E-003  0.95034764761187018        6.7708352769480062E-002
   3.3228061146493731E-003  0.94864806935675561        6.7495897911999905E-002
   3.3535822437854687E-003  0.94695071707449197        6.7283797770008549E-002
   3.3846434241980752E-003  0.94525559342087795        6.7072051086100370E-002
   3.4159922960577643E-003  0.94356270107545615        6.6860656606593877E-002
   3.4476315239886017E-003  0.94187205252822537        6.6649599541882973E-002
   3.4795637972946328E-003  0.94018364923879660        6.6438876762307836E-002
   3.5117918301884811E-003  0.93849748030641256        6.6228500684738262E-002
   3.5443183620220567E-003  0.93681353483031593        6.6018483766347294E-002
   3.5771461575193988E-003  0.93513180190974843        6.5808838504590239E-002
   3.6102780070116458E-003  0.93345227064395375        6.5599577437317230E-002
   3.6437167266742576E-003  0.93177493013217361        6.5390713143024234E-002
   3.6774651587663638E-003  0.93009976947365047        6.5182258241243657E-002
   3.7115261718723312E-003  0.92842678742481022        6.4974219890467366E-002
   3.7459026611456367E-003  0.92675600372285971        6.4766586758277192E-002
   3.7805975485549234E-003  0.92508741802407568        6.4559352375818335E-002
   3.8156137831323656E-003  0.92342102865302211        6.4352510836764798E-002
   3.8509543412243363E-003  0.92175683393426311        6.4146056211304744E-002
   3.8866222267444064E-003  0.92009483219236299        6.3939982545965085E-002
   3.9226204714286677E-003  0.91843502175188563        6.3734283863503119E-002
   3.9589521350933991E-003  0.91677740093739557        6.3528954162866663E-002
   3.9956203058952033E-003  0.91512197164530240        6.3323988957521435E-002
   4.0326281005934510E-003  0.91346876145287637        6.3119398617154140E-002
   4.0699786648152160E-003  0.91181776409164195        6.2915186158053957E-002
   4.1076751733226634E-003  0.91016896412577508        6.2711351375391883E-002
   4.1457208302828922E-003  0.90852234611945204        6.2507894076249418E-002
   4.1841188695402737E-003  0.90687789463684965        6.2304814079572050E-002
   4.2228725548913394E-003  0.90523559424214328        6.2102111216202627E-002
   4.2619851803622046E-003  0.90359542949951011        6.1899785329022412E-002
   4.3014600704885560E-003  0.90195738514223978        6.1697836331449790E-002
   4.3413005805982034E-003  0.90032148532424050        6.1496275903140565E-002
   4.3815100970963344E-003  0.89868774944190322        6.1295107591725725E-002
   4.4220920377533030E-003  0.89705616854454284        6.1094323734438891E-002
   4.4630498519951803E-003  0.89542673368147474        6.0893916654232286E-002
   4.5043870211969109E-003  0.89379943590201405        6.0693878659625375E-002
   4.5461070589782673E-003  0.89217426625547624        6.0494202044580329E-002
   4.5882135115024713E-003  0.89055121579117646        6.0294879088424083E-002
   4.6307099577776248E-003  0.88893027555843007        6.0095902055816983E-002
   4.6736000099609357E-003  0.88731145176634119        5.9897264969749939E-002
   4.7168873136657422E-003  0.88569477212467151        5.9698972180288315E-002
   4.7605755482713523E-003  0.88408022755448479        5.9501031161979356E-002
   4.8046684272358489E-003  0.88246780718852913        5.9303449364421557E-002
   4.8491696984116735E-003  0.88085750015955389        5.9106234255084558E-002
   4.8940831443642346E-003  0.87924929560030729        5.8909393319304795E-002
   4.9394125826933812E-003  0.87764318264353858        5.8712934060322776E-002
   4.9851618663579360E-003  0.87603915042199632        5.8516863999356961E-002
   5.0313348840031573E-003  0.87443719103319617        5.8321190288939131E-002
   5.0779355602912860E-003  0.87283732196469088        5.8125912704373985E-002
   5.1249678562351533E-003  0.87123954755365052        5.7931025376237823E-002
   5.1724357695348312E-003  0.86964386707132568        5.7736522436091293E-002
   5.2203433349174502E-003  0.86805027978896709        5.7542398035702963E-002
   5.2686946244801611E-003  0.86645878497782469        5.7348646347523777E-002
   5.3174937480362245E-003  0.86486938190914964        5.7155261565292395E-002
   5.3667448534643839E-003  0.86328206985419176        5.6962237904774435E-002
   5.4164521270613835E-003  0.86169684831720073        5.6769569635200003E-002
   5.4666197938978501E-003  0.86011374325817425        5.6577257002695891E-002
   5.5172521181773761E-003  0.85853276010678348        5.6385305802782587E-002
   5.5683534035989917E-003  0.85695388089624525        5.6193720417693271E-002
   5.6199279937229922E-003  0.85537708765977483        5.6002505184734284E-002
   5.6719802723401002E-003  0.85380236243058916        5.5811664395111898E-002
   5.7245146638441038E-003  0.85222968724190395        5.5621202292867308E-002
   5.7775356336079425E-003  0.85065904412693527        5.5431123073921340E-002
   5.8310476883632152E-003  0.84909041511889960        5.5241430885232271E-002
   5.8850553765833020E-003  0.84752380046214670        5.5052132546342059E-002
   5.9395632888699246E-003  0.84595923168487430        5.4863232071208849E-002
   5.9945760583433984E-003  0.84439670750879403        5.4674721915716283E-002
   6.0500983610363955E-003  0.84283622516971868        5.4486594244371196E-002
   6.1061349162914239E-003  0.84127778190346147        5.4298841278902978E-002
   6.1626904871619854E-003  0.83972137494583532        5.4111455299229894E-002
   6.2197698808173930E-003  0.83816700153265300        5.3924428644514147E-002
   6.2773779489513929E-003  0.83661465889972753        5.3737753714305517E-002
   6.3355195881945759E-003  0.83506434890890668        5.3551422734481394E-002
   6.3941997405305403E-003  0.83351609951435424        5.3365432688783632E-002
   6.4534233937160049E-003  0.83196990381409719        5.3179792749081418E-002
   6.5131955817047159E-003  0.83042574710845141        5.2994513358090620E-002
   6.5735213850753845E-003  0.82888361469773142        5.2809604942423857E-002
   6.6344059314634518E-003  0.82734349188225376        5.2625077911907153E-002
   6.6958543959970192E-003  0.82580536396233273        5.2440942658942988E-002
   6.7578720017366853E-003  0.82426921623828420        5.2257209557921958E-002
   6.8204640201194912E-003  0.82273503431403572        5.2073888987080985E-002
   6.8836357714070007E-003  0.82120283202827127        5.1890988751794417E-002
   6.9473926251375417E-003  0.81967262356295600        5.1708501992590056E-002
   7.0117400005825599E-003  0.81814440864666493        5.1526417919527667E-002
   7.0766833672073091E-003  0.81661818700797340        5.1344725741908702E-002
   7.1422282451356943E-003  0.81509395837545617        5.1163414668800693E-002
   7.2083802056195408E-003  0.81357172247768850        5.0982473909654727E-002
   7.2751448715120568E-003  0.81205147904324526        5.0801892675017515E-002
   7.3425279177458678E-003  0.81053322780070192        5.0621660177340974E-002
   7.4105350718153299E-003  0.80901698185676041        5.0441773125136716E-002
   7.4791721142633506E-003  0.80750276027208856        5.0262244805430206E-002
   7.5484448791727447E-003  0.80599054750919397        5.0083080379752641E-002
   7.6183592546621446E-003  0.80448032702678629        4.9904284633169635E-002
   7.6889211833864662E-003  0.80297208228357442        4.9725862363335732E-002
   7.7601366630420127E-003  0.80146579673826834        4.9547818380072925E-002
   7.8320117468762915E-003  0.79996145384957729        4.9370157505011655E-002
   7.9045525442025654E-003  0.79845903707621058        4.9192884571295760E-002
   7.9777652209190499E-003  0.79695853759325785        4.9016003677800929E-002
   8.0516560000331097E-003  0.79545999423155511        4.8839512279278255E-002
   8.1262311621901583E-003  0.79396340824268030        4.8663408101213348E-002
   8.2014970462074965E-003  0.79246877144814998        4.8487689538216819E-002
   8.2774600496131195E-003  0.79097607566948014        4.8312355010293614E-002
   8.3541266291895181E-003  0.78948531272818712        4.8137402963136670E-002
   8.4315033015224857E-003  0.78799647444578691        4.7962831868481756E-002
   8.5095966435550022E-003  0.78650955264379552        4.7788640224523685E-002
   8.5884132931462794E-003  0.78502453967831476        4.7614826703644919E-002
   8.6679599496360237E-003  0.78354145875303316        4.7441398466837051E-002
   8.7482433744137562E-003  0.78206031853893376        4.7268358562398034E-002
   8.8292703914936571E-003  0.78058110879103437        4.7095704762352981E-002
   8.9110478880945268E-003  0.77910381926435257        4.6923434787111667E-002
   8.9935828152251877E-003  0.77762843971390616        4.6751546304792502E-002
   9.0768821882753325E-003  0.77615495989471306        4.6580036930597778E-002
   9.1609530876118426E-003  0.77468336956179118        4.6408904226244177E-002
   9.2458026591806033E-003  0.77321365847015755        4.6238145699446245E-002
   9.3314381151138378E-003  0.77174582740670683        4.6067758110841878E-002
   9.4178667343432412E-003  0.77027989270334851        4.5897741742293718E-002
   9.5050958632186336E-003  0.76881585420194543        4.5728101593953026E-002
   9.5931329161323235E-003  0.76735371126222607        4.5558842816044290E-002
   9.6819853761494525E-003  0.76589346324391827        4.5389970635143259E-002
   9.7716607956439723E-003  0.76443510950674942        4.5221490355185648E-002
   9.8621667969405781E-003  0.76297864941044813        4.5053407358567027E-002
   9.9535110729626307E-003  0.76152408231474189        4.4885727107326925E-002
   1.0045701387886061E-002  0.76007141751621377        4.4718455042351821E-002
   1.0138745577799268E-002  0.75862070421035555        4.4551592510094697E-002
   1.0232651551369208E-002  0.75717192359431318        4.4385135663916706E-002
   1.0327427290513643E-002  0.75572504521857975        4.4219080326088851E-002
   1.0423080851079571E-002  0.75428003863364745        4.4053422295955984E-002
   1.0519620363527955E-002  0.75283687339000993        4.3888157349247517E-002
   1.0617054033624824E-002  0.75139551903815971        4.3723281237464252E-002
   1.0715390143138740E-002  0.74995594512858998        4.3558789687190853E-002
   1.0814637050544775E-002  0.74851812172333287        4.3394678577093386E-002
   1.0914803191734946E-002  0.74708205249681314        4.3230952871056084E-002
   1.1015897080735243E-002  0.74564776281617118        4.3067617688309454E-002
   1.1117927310429335E-002  0.74421527133135812        4.2904674510708549E-002
   1.1220902553288947E-002  0.74278459669232511        4.2742124798221738E-002
   1.1324831562111039E-002  0.74135575754902272        4.2579969988795742E-002
   1.1429723170761760E-002  0.73992877255140221        4.2418211498267563E-002
   1.1535586294927302E-002  0.73850366034941406        4.2256850720322779E-002
   1.1642429932871758E-002  0.73708043959300984        4.2095889026503498E-002
   1.1750263166201936E-002  0.73565913514226855        4.1935330568383160E-002
   1.1859095160639330E-002  0.73423974904134681        4.1775179019543793E-002
   1.1968935166799172E-002  0.73282225170614934        4.1615431256515595E-002
   1.2079792520976696E-002  0.73140661314775601        4.1456084108385631E-002
   1.2191676645940759E-002  0.72999280337724670        4.1297134470934929E-002
   1.2304597051734735E-002  0.72858079240570139        4.1138579307623623E-002
   1.2418563336484903E-002  0.72717055024419974        4.0980415650631555E-002
   1.2533585187216248E-002  0.72576204690382140        4.0822640601958622E-002
   1.2649672380675830E-002  0.72435526618140100        4.0665250647362691E-002
   1.2766834784163829E-002  0.72295026434146370        4.0508243068841918E-002
   1.2885082356372236E-002  0.72154704698348382        4.0351624190935374E-002
   1.3004425148231370E-002  0.72014560880991396        4.0195401272780255E-002
   1.3124873303764167E-002  0.71874594452320661        4.0039581526249410E-002
   1.3246437060948392E-002  0.71734804882581471        3.9884172114631425E-002
   1.3369126752586896E-002  0.71595191642019096        3.9729180151329924E-002
   1.3492952807185864E-002  0.71455754200878785        3.9574612698584900E-002
   1.3617925749841270E-002  0.71316492086711580        3.9420476772179747E-002
   1.3744056203133488E-002  0.71177406760752604        3.9266776509572693E-002
   1.3871354888030105E-002  0.71038498648859305        3.9113507600130486E-002
   1.3999832624797370E-002  0.70899767182620010        3.8960664303752168E-002
   1.4129500333919742E-002  0.70761211793623080        3.8808240941038442E-002
   1.4260369037028233E-002  0.70622831913456885        3.8656231894714545E-002
   1.4392449857837206E-002  0.70484626973709741        3.8504631611138478E-002
   1.4525754023089780E-002  0.70346596405970074        3.8353434601895581E-002
   1.4660292863512283E-002  0.70208739641826234        3.8202635445483121E-002
   1.4796077814777171E-002  0.70071057586516550        3.8052233584576788E-002
   1.4933120418475176E-002  0.69933551891816559        3.7902236943672250E-002
   1.5071432323096297E-002  0.69796221723124019        3.7752649595410442E-002
   1.5211025285019801E-002  0.69659066211530862        3.7603475462092750E-002
   1.5351911169513708E-002  0.69522084488128988        3.7454718396110954E-002
   1.5494101951743135E-002  0.69385275684010361        3.7306382178312537E-002
   1.5637609717788308E-002  0.69248638930266904        3.7158470516389125E-002
   1.5782446665671832E-002  0.69112173357990503        3.7010987043289548E-002
   1.5928625106395391E-002  0.68975879084807035        3.6863935803029685E-002
   1.6076157464986394E-002  0.68839759940906475        3.6717319955765021E-002
   1.6225056281553886E-002  0.68703815060240192        3.6571136576429367E-002
   1.6375334212354584E-002  0.68568042860289358        3.6425382234850763E-002
   1.6527004030868608E-002  0.68432441758535123        3.6280053583660488E-002
   1.6680078628885094E-002  0.68297010172458750        3.6135147359601966E-002
   1.6834571017598214E-002  0.68161746519541377        3.5990660384888615E-002
   1.6990494328712902E-002  0.68026649217264246        3.5846589568624819E-002
   1.7147861815561178E-002  0.67891716839069893        3.5702931947207361E-002
   1.7306686854228630E-002  0.67756952381357050        3.5559687650046003E-002
   1.7466982944691255E-002  0.67622357006320510        3.5416861384822404E-002
   1.7628763711963157E-002  0.67487929974610095        3.5274458151248134E-002
   1.7792042907254463E-002  0.67353670546875721        3.5132482929593811E-002
   1.7956834409140296E-002  0.67219577983767265        3.4990940679955750E-002
   1.8123152224740410E-002  0.67085651545934555        3.4849836341547244E-002
   1.8291010490909657E-002  0.66951890494027588        3.4709174832019185E-002
   1.8460423475439809E-002  0.66818294088696140        3.4568961046807380E-002
   1.8631405578272205E-002  0.66684863081602985        3.4429199150100641E-002
   1.8803971332721665E-002  0.66551599043498222        3.4289888373554886E-002
   1.8978135406711987E-002  0.66418501405880115        3.4151025924786638E-002
   1.9153912604022456E-002  0.66285569579497372        3.4012608998678459E-002
   1.9331317865546406E-002  0.66152802975098679        3.3874634782308871E-002
   1.9510366270561061E-002  0.66020201003432688        3.3737100455592535E-002
   1.9691073038009193E-002  0.65887763075248096        3.3600003191976341E-002
   1.9873453527792906E-002  0.65755488601293566        3.3463340159302989E-002
   2.0057523242078948E-002  0.65623377853701603        3.3327108543273830E-002
   2.0243297826616651E-002  0.65491433884526262        3.3191309119113756E-002
   2.0430793072067670E-002  0.65359655829554097        3.3055947343677151E-002
   2.0620024915348124E-002  0.65228042305293255        3.2921028910996554E-002
   2.0811009440983391E-002  0.65096591928251801        3.2786559498149112E-002
   2.1003762882475012E-002  0.64965303314937928        3.2652544763311281E-002
   2.1198301623680818E-002  0.64834175081859680        3.2518990343833265E-002
   2.1394642200207377E-002  0.64703205845525169        3.2385901854334376E-002
   2.1592801300815475E-002  0.64572394431803604        3.2253285132220123E-002
   2.1792795768838798E-002  0.64441744334609596        3.2121148269307141E-002
   2.1994642603615368E-002  0.64311256393575011        3.1989488101292096E-002
   2.2198358961932715E-002  0.64180929458758684        3.1858297942548131E-002
   2.2403962159486077E-002  0.64050762380219406        3.1727571136884916E-002
   2.2611469672350143E-002  0.63920754008016079        3.1597301059501856E-002
   2.2820899138464686E-002  0.63790903192207449        3.1467481119026336E-002
   2.3032268359133513E-002  0.63661208782852441        3.1338104759643340E-002
   2.3245595300537842E-002  0.63531669630009846        3.1209165463318558E-002
   2.3460898095263253E-002  0.63402286908283068        3.1080662045287040E-002
   2.3678195043840899E-002  0.63273062855970086        3.0952602826822277E-002
   2.3897504616303210E-002  0.63143996697591231        3.0824993698511334E-002
   2.4118845453753559E-002  0.63015087639688705        3.0697840512072118E-002
   2.4342236369951031E-002  0.62886334888804640        3.0571149107199776E-002
   2.4567696352909427E-002  0.62757737651481160        3.0444925310282010E-002
   2.4795244566511183E-002  0.62629295134260454        3.0319174933131257E-002
   2.5024900352136357E-002  0.62501006543684690        3.0193903771739958E-002
   2.5256683230306599E-002  0.62372872017721681        3.0069116066948141E-002
   2.5490612902344424E-002  0.62244894540195617        2.9944808409124439E-002
   2.5726709252047775E-002  0.62117073421466662        2.9820979631094126E-002
   2.5964992347380072E-002  0.61989407524901485        2.9697629098163598E-002
   2.6205482442176031E-002  0.61861895713866821        2.9574756160736293E-002
   2.6448199977863188E-002  0.61734536851729416        2.9452360154045613E-002
   2.6693165585199480E-002  0.61607329801855970        2.9330440397974462E-002
   2.6940400086026769E-002  0.61480273427613163        2.9208915911360742E-002
   2.7189924495040638E-002  0.61353366766530615        2.9087660352482142E-002
   2.7441760021576701E-002  0.61226612193808128        2.8966673733241282E-002
   2.7695928071413314E-002  0.61100010365121282        2.8845958469550695E-002
   2.7952450248591141E-002  0.60973560692435325        2.8725516593983015E-002
   2.8211348357249404E-002  0.60847262587715500        2.8605350127876916E-002
   2.8472644403479179E-002  0.60721115462927089        2.8485461080952096E-002
   2.8736360597193953E-002  0.60595118730035347        2.8365851450938957E-002
   2.9002519354017410E-002  0.60469271801005575        2.8246523223227914E-002
   2.9271143297188815E-002  0.60343574087802987        2.8127478370534805E-002
   2.9542255259485901E-002  0.60218027380807349        2.8008716953737522E-002
   2.9815878285165593E-002  0.60092633515219862        2.7890238169555104E-002
   3.0092035631922823E-002  0.59967391064300513        2.7772043345821465E-002
   3.0370750772867352E-002  0.59842298592322452        2.7654133830169701E-002
   3.0652047398519063E-002  0.59717354663558864        2.7536510983609173E-002
   3.0935949418821562E-002  0.59592557842282889        2.7419176180644891E-002
   3.1222480965174437E-002  0.59467906692767680        2.7302130809464344E-002
   3.1511666392484511E-002  0.59343399779286432        2.7185376272191600E-002
   3.1803530281235899E-002  0.59219036871476494        2.7068915464269833E-002
   3.2098097439579448E-002  0.59094821460192171        2.6952753826925021E-002
   3.2395392905441321E-002  0.58970753201853043        2.6836889596734179E-002
   3.2695441948651149E-002  0.58846831308630709        2.6721320367613391E-002
   3.2998270073090030E-002  0.58723054992696699        2.6606043749488238E-002
   3.3303903018858251E-002  0.58599423466222633        2.6491057368619446E-002
   3.3612366764463317E-002  0.58475935941380064        2.6376358868046824E-002
   3.3923687529027996E-002  0.58352591630340533        2.6261945908158300E-002
   3.4237891774518851E-002  0.58229390026912264        2.6147815923628512E-002
   3.4555006207995613E-002  0.58106334752647482        2.6033965171473002E-002
   3.4875057783881148E-002  0.57983425909169961        2.5920398425546592E-002
   3.5198073706252699E-002  0.57860661891753196        2.5807122690428071E-002
   3.5524081431154111E-002  0.57738041095670634        2.5694145015661717E-002
   3.5853108668929497E-002  0.57615561916195845        2.5581472496007732E-002
   3.6185183386578730E-002  0.57493222748602257        2.5469112271828211E-002
   3.6520333810134489E-002  0.57371021988163406        2.5357071529612585E-002
   3.6858588427061599E-002  0.57248958030152775        2.5245357502644190E-002
   3.7199975988678337E-002  0.57127031741614454        2.5133974228428890E-002
   3.7544525512600201E-002  0.57005245276814265        2.5022918598538380E-002
   3.7892266285206498E-002  0.56883598515504874        2.4912187433339034E-002
   3.8243227864129571E-002  0.56762091334973863        2.4801777491403512E-002
   3.8597440080767292E-002  0.56640723612508859        2.4691685466439253E-002
   3.8954933042818628E-002  0.56519495225397443        2.4581907986091438E-002
   3.9315737136842666E-002  0.56398406050927230        2.4472441610848036E-002
   3.9679883030841606E-002  0.56277455966385825        2.4363282833043856E-002
   4.0047401676867378E-002  0.56156645956332807        2.4254431384267507E-002
   4.0418324313652686E-002  0.56035978983825541        2.4145897206065404E-002
   4.0792682469266199E-002  0.55915453479340493        2.4037681847183454E-002
   4.1170507963792298E-002  0.55795067493207939        2.3929786001365659E-002
   4.1551832912035902E-002  0.55674819075758175        2.3822210439707274E-002
   4.1936689726252085E-002  0.55554706277321453        2.3714956012076474E-002
   4.2325111118901235E-002  0.55434727148228069        2.3608023648684206E-002
   4.2717130105429546E-002  0.55314879738808265        2.3501414361811451E-002
   4.3112780007074962E-002  0.55195162475985926        2.3395128782884612E-002
   4.3512094453700051E-002  0.55075579117227558        2.3289162786306078E-002
   4.3915107386649971E-002  0.54956130610080633        2.3183519559076451E-002
   4.4321853061637807E-002  0.54836816266448718        2.3078204774461777E-002
   4.4732366051656175E-002  0.54717635398235331        2.2973224103947240E-002
   4.5146681249915596E-002  0.54598587317344138        2.2868583216541810E-002
   4.5564833872810961E-002  0.54479671335678637        2.2764287778139221E-002
   4.5986859462914358E-002  0.54360886765142424        2.2660343450938536E-002
   4.6412793891996498E-002  0.54242232917639099        2.2556755892922324E-002
   4.6842673364075722E-002  0.54123711299029653        2.2453523659740036E-002
   4.7276534418494949E-002  0.54005323308662678        2.2350643104856280E-002
   4.7714413933028124E-002  0.53887068000496341        2.2248116868679689E-002
   4.8156349127014192E-002  0.53768944428369392        2.2145947590709619E-002
   4.8602377564521133E-002  0.53650951646120437        2.2044137908734697E-002
   4.9052537157538746E-002  0.53533088707588183        2.1942690458435200E-002
   4.9506866169200782E-002  0.53415354666611314        2.1841607873034748E-002
   4.9965403217037935E-002  0.53297748577028470        2.1740892783005419E-002
   5.0428187276259695E-002  0.53180270766674165        2.1640549545091967E-002
   5.0895257683067595E-002  0.53062924329880889        2.1540584205974246E-002
   5.1366654137998652E-002  0.52945708456381002        2.1440995208999926E-002
   5.1842416709299531E-002  0.52828622017073956        2.1341780486659440E-002
   5.2322585836332959E-002  0.52711663882859183        2.1242937975150172E-002
   5.2807202333014405E-002  0.52594832924636203        2.1144465614296351E-002
   5.3296307391281682E-002  0.52478128013304470        2.1046361347515082E-002
   5.3789942584596059E-002  0.52361548019763360        2.0948623121827620E-002
   5.4288149871475636E-002  0.52245092265409288        2.0851248474510670E-002
   5.4790971599062467E-002  0.52128765032213253        2.0754233580383277E-002
   5.5298450506721351E-002  0.52012566359778090        2.0657585178704065E-002
   5.5810629729673114E-002  0.51896494589222997        2.0561312359040011E-002
   5.6327552802660927E-002  0.51780548061667098        2.0465424239148034E-002
   5.6849263663650326E-002  0.51664725118229626        2.0369929964989451E-002
   5.7375806657564581E-002  0.51549024100029783        2.0274838710896283E-002
   5.7907226540053577E-002  0.51433443348186692        2.0180159679894467E-002
   5.8443568481297871E-002  0.51317981204831187        2.0085902103449398E-002
   5.8984878069848597E-002  0.51202639564892971        1.9992070618376212E-002
   5.9531201316501726E-002  0.51087420734769673        1.9898661787232999E-002
   6.0082584658209731E-002  0.50972324013746662        1.9805672541692895E-002
   6.0639074962028257E-002  0.50857348701109284        1.9713099867440693E-002
   6.1200719529099626E-002  0.50742494096142921        1.9620940804880811E-002
   6.1767566098673940E-002  0.50627759498132896        1.9529192449957315E-002
   6.2339662852166071E-002  0.50513144206364635        1.9437851955086551E-002
   6.2917058417251870E-002  0.50398647520123463        1.9346916530213976E-002
   6.3499801872001035E-002  0.50284253939974533        1.9256372932678161E-002
   6.4087942749048554E-002  0.50169931070212337        1.9166201087101788E-002
   6.4681531039805493E-002  0.50055700673759074        1.9076424717491318E-002
   6.5280617198707383E-002  0.49941587838901108        1.8987069882141418E-002
   6.5885252147503681E-002  0.49827617653924705        1.8898162433065493E-002
   6.6495487279585569E-002  0.49713815207116147        1.8809728009801886E-002
   6.7111374464354293E-002  0.49600205586761775        1.8721792035124606E-002
   6.7732966051630455E-002  0.49486813881147834        1.8634379712760128E-002
   6.8360314876102946E-002  0.49373728614529133        1.8550058639737688E-002
   6.8993474261820717E-002  0.49261536725301852        1.8502418526249790E-002
   6.9632498026724776E-002  0.49150071666272543        1.8454621978909461E-002
   7.0277440487222537E-002  0.49038951554679650        1.8406996099602495E-002
   7.0928356462805195E-002  0.48927794507761507        1.8359873177709485E-002
   7.1585301280706559E-002  0.48816218642756537        1.8313590432698649E-002
   7.2248330780606621E-002  0.48703842076903114        1.8268490264889706E-002
   7.2917501319377492E-002  0.48590282927439610        1.8224921009717530E-002
   7.3592869775873468E-002  0.48475155211167287        1.8183241950025519E-002
   7.4274493555766249E-002  0.48356035672856884        1.8145705063296470E-002
   7.4962430596423546E-002  0.48232495767443634        1.8112787032310000E-002
   7.5656739371834619E-002  0.48106584178542106        1.8082665017803545E-002
   7.6357478897580017E-002  0.47980349589766863        1.8053477392552870E-002
   7.7064708735847698E-002  0.47855840684732498        1.8023267347108806E-002
   7.7778489000496123E-002  0.47735106147053574        1.7990038949811889E-002
   7.8498880362163556E-002  0.47620194660344728        1.7951749684092778E-002
   7.9225944053425382E-002  0.47513154908220484        1.7906352551253751E-002
   7.9959741873998597E-002  0.47418171198845099        1.7849801232136232E-002
   8.0700336195994565E-002  0.47339316178396401        1.7778335677490972E-002
   8.1447789969220835E-002  0.47271315858368973        1.7697314248774812E-002
   8.2202166726531661E-002  0.47208460659480106        1.7612415932494581E-002
   8.2963530589228479E-002  0.47145041002447080        1.7529054732102426E-002
   8.3731946272509988E-002  0.47075347307987214        1.7452323400297242E-002
   8.4507479090972684E-002  0.46993669996817800        1.7387055710473172E-002
   8.5290194964162847E-002  0.46894299489656144        1.7338014402868328E-002
   8.6080160422179433E-002  0.46770841705068716        1.7310819948533087E-002
   8.6877442611329306E-002  0.46615968270451935        1.7312688223469250E-002
   8.7682109299834499E-002  0.46436729626389250        1.7338731807984877E-002
   8.8494228883592235E-002  0.46242768191024203        1.7381500220603054E-002
   8.9313870391988737E-002  0.46043726382500316        1.7432611992789584E-002
   9.0141103493766569E-002  0.45849246618961104        1.7482474314994147E-002
   9.0975998502946631E-002  0.45668971318550089        1.7520351976347638E-002
   9.1818626384804578E-002  0.45512542899410763        1.7534731401391473E-002
   9.2669058761902678E-002  0.45389588882738652        1.7513954752403724E-002
   9.3527367920177892E-002  0.45302780215459698        1.7454575400467229E-002
   9.4393626815085951E-002  0.45244309297149404        1.7365506262971592E-002
   9.5267909077802748E-002  0.45206794050866600        1.7255684672549641E-002
   9.6150289021482788E-002  0.45182852399670143        1.7133985531565820E-002
   9.7040841647575440E-002  0.45165102266618856        1.7008802272367986E-002
   9.7939642652200426E-002  0.45146161574771571        1.6887772737635792E-002
   9.8846768432581569E-002  0.45118648247187160        1.6777667268460000E-002
   9.9762296093540870E-002  0.45075180206924426        1.6684467146852643E-002
  0.10068630345405215       0.45012456155223629        1.6610025351491808E-002
  0.10161886905385534       0.44938289727297082        1.6546583340629611E-002
  0.10256007216013262       0.44855455674063005        1.6491395517835551E-002
  0.10350999277424582       0.44766343192488539        1.6442244023134784E-002
  0.10446871163853681       0.44671912881151554        1.6398247684631658E-002
  0.10543631024319031       0.44568881515106601        1.6362143611649803E-002
  0.10641287083316019       0.44460411696228080        1.6331123840547305E-002
  0.10739847641516065       0.44350464160089598        1.6301730162781514E-002
  0.10839321076472139       0.44242414045725942        1.6271000991019944E-002
  0.10939715843330884       0.44134067207942645        1.6240821592534135E-002
  0.11041040475551273       0.44025035069235058        1.6211576237795716E-002
  0.11143303585629920       0.43915887866267006        1.6182823582915371E-002
  0.11246513865833167       0.43807168525814638        1.6154143378087869E-002
  0.11350680088935902       0.43698715760303003        1.6125687000355372E-002
  0.11455811108967261       0.43590351695975454        1.6097568953615859E-002
  0.11561915861963197       0.43482081429691910        1.6069741699144362E-002
  0.11669003366726009       0.43373910083313955        1.6042157129864912E-002
  0.11777082725590965       0.43265843255106756        1.6014795774580301E-002
  0.11886163125199967       0.43157875715821270        1.5987687403200248E-002
  0.11996253837282449       0.43049997774718646        1.5960863638578168E-002
  0.12107364219443434       0.42942199741060011        1.5934356384627431E-002
  0.12219503715958900       0.42834479014252808        1.5908189323809076E-002
  0.12332681858578574       0.42726841228469742        1.5882342335947354E-002
  0.12446908267336092       0.42619286439514725        1.5856781206161165E-002
  0.12562192651366730       0.42511814669866171        1.5831471799287337E-002
  0.12678544809732650       0.42404426113551835        1.5806397112409540E-002
  0.12795974632255785       0.42297120896309459        1.5781578613018293E-002
  0.12914492100358502       0.42189898496919798        1.5757014398852912E-002
  0.13034107287911981       0.42082758373044243        1.5732701123227676E-002
  0.13154830362092537       0.41975703913643320        1.5708637034245323E-002
  0.13276671584245781       0.41868743265522523        1.5684825041062424E-002
  0.13399641310758803       0.41761861107285225        1.5661261224278047E-002
  0.13523749993940504       0.41655039982974634        1.5637941137153624E-002
  0.13649008182909983       0.41548264872725349        1.5614861023830638E-002
  0.13775426524493270       0.41441543539894105        1.5592022141525946E-002
  0.13903015764128257       0.41334880330612300        1.5569426076340166E-002
  0.14031786746777977       0.41228276666028235        1.5547073416839613E-002
  0.14161750417852573       0.41121734572638680        1.5524965160700526E-002
  0.14292917824139498       0.41015262283460335        1.5503112952146084E-002
  0.14425300114742584       0.40908851498567472        1.5481504091692719E-002
  0.14558908542029683       0.40802488558678679        1.5460118092617110E-002
  0.14693754462588995       0.40696159837930945        1.5438935530175626E-002
  0.14829849338194578       0.40589859730369204        1.5417973553012963E-002
  0.14967204736780385       0.40483597768010599        1.5397232071511467E-002
  0.15105832333423666       0.40377384736845212        1.5376685563224461E-002
  0.15245743911337298       0.40271231422863141        1.5356308262526694E-002
  0.15386951362871246       0.40165141338040433        1.5336085124542740E-002
  0.15529466690523600       0.40059108274993632        1.5316031861840934E-002
  0.15673302007960585       0.39953129962200173        1.5296167302308974E-002
  0.15818469541046340       0.39847204140404435        1.5276509970040365E-002
  0.15964981628882080       0.39741332951866443        1.5257073178625543E-002
  0.16112850724854780       0.39635519774988748        1.5237847638246899E-002
  0.16262089397695925       0.39529755778324077        1.5218820045795989E-002
  0.16412710332549635       0.39424031774971724        1.5199977699917652E-002
  0.16564726332051030       0.39318340533284940        1.5181310544956323E-002
  0.16718150317414401       0.39212685979941603        1.5162823711659713E-002
  0.16872995329531393       0.39107072551966282        1.5144525853541355E-002
  0.17029274530079674       0.39001504308503093        1.5126425287203944E-002
  0.17187001202641472       0.38895986655958642        1.5108536504401242E-002
  0.17346188753832800       0.38790526059475289        1.5090887629986772E-002
  0.17506850714442979       0.38685110050943056        1.5073434598084084E-002
  0.17669000740584598       0.38579723482468647        1.5056122268807367E-002
  0.17832652614854508       0.38474352120320487        1.5038899285175048E-002
  0.17997820247505186       0.38368999813920440        1.5021784956484843E-002
  0.18164517677627071       0.38263672091336270        1.5004796552106188E-002
  0.18332759074342009       0.38158371068219316        1.4987935726648156E-002
  0.18502558738007396       0.38053098929317064        1.4971203894770271E-002
  0.18673931101431940       0.37947860026557528        1.4954609086747620E-002
  0.18846890731102300       0.37842650653914750        1.4938146532882113E-002
  0.19021452328421187       0.37737463371573043        1.4921804585592889E-002
  0.19197630730957130       0.37632290739716651        1.4905572346507428E-002
  0.19375440913705402       0.37527135888687491        1.4889449069872211E-002
  0.19554897990361161       0.37422001997370824        1.4873443350151241E-002
  0.19736017214603946       0.37316880288037368        1.4857557330961998E-002
  0.19918813981394179       0.37211761977852592        1.4841792445403148E-002
  0.20103303828281904       0.37106644911302522        1.4826159825947908E-002
  0.20289502436727203       0.37001535445104067        1.4810664943234316E-002
  0.20477425633433369       0.36896429121853813        1.4795281894409828E-002
  0.20667089391692034       0.36791321170564301        1.4779984990474473E-002
  0.20858509832740826       0.36686210632587413        1.4764760756435277E-002
  0.21051703227133836       0.36581103906531676        1.4749631800718511E-002
  0.21246685996124334       0.36475993430027775        1.4734594916511393E-002
  0.21443474713060848       0.36370870490934276        1.4719643914954846E-002
  0.21642086104795732       0.36265729387902845        1.4704776446470839E-002
  0.21842537053106881       0.36160579888782818        1.4690008128834336E-002
  0.22044844596132848       0.36055415902244681        1.4675329773735658E-002
  0.22249025929820804       0.35950228078969015        1.4660727739878438E-002
  0.22455098409388455       0.35845008640439657        1.4646193291721590E-002
  0.22663079550799087       0.35739768489211771        1.4631766421920614E-002
  0.22872987032250333       0.35634502546773350        1.4617422504009098E-002
  0.23084838695677004       0.35529198982780896        1.4603114728697559E-002
  0.23298652548267351       0.35423846320294722        1.4588797525745805E-002
  0.23514446763993960       0.35318450370995758        1.4574484888980933E-002
  0.23732239685158368       0.35213012959776757        1.4560197075920357E-002
  0.23952049823950114       0.35107527559919155        1.4545932102273531E-002
  0.24173895864020312       0.35001987644837285        1.4531688166338513E-002
  0.24397796662069723       0.34896399298432856        1.4517473300533025E-002
  0.24623771249451609       0.34790764032708804        1.4503292680638375E-002
  0.24851838833789339       0.34685068717870976        1.4489141363251454E-002
  0.25082018800608968       0.34579300224125270        1.4475015487552968E-002
  0.25314330714987066       0.34473460104304032        1.4460934478670697E-002
  0.25548794323213669       0.34367558962771372        1.4446915904553385E-002
  0.25785429554470779       0.34261579593077524        1.4432922332843694E-002
  0.26024256522526285       0.34155504241440476        1.4418914406829211E-002
  0.26265295527443544       0.34049323223662697        1.4404874293131842E-002
  0.26508567057306948       0.33943049719427132        1.4390842393801015E-002
  0.26754091789963352       0.33836679778703610        1.4376807427380749E-002
  0.27001890594779737       0.33730207843913540        1.4362755749561130E-002
  0.27251984534417040       0.33623633185956814        1.4348680967637691E-002
  0.27504394866620407       0.33516970887143621        1.4334606109796463E-002
  0.27759143046026147       0.33410203146133977        1.4320538367735024E-002
  0.28016250725985320       0.33303307235427215        1.4306480362421329E-002
  0.28275739760404339       0.33196263585469921        1.4292439293380286E-002
  0.28537632205602448       0.33089089331898641        1.4278462647274792E-002
  0.28801950322186448       0.32981781457758275        1.4264521059967308E-002
  0.29068716576942927       0.32874327045052243        1.4250564819524886E-002
  0.29337953644747816       0.32766714207301295        1.4236547607591779E-002
  0.29609684410493875       0.32658963403739455        1.4222506659597321E-002
  0.29883931971035776       0.32551066260880634        1.4208463770479279E-002
  0.30160719637153288       0.32442994126579322        1.4194406867829234E-002
  0.30440070935532748       0.32334718366820514        1.4180332695447396E-002
  0.30722009610766743       0.32226238900999565        1.4166269436546440E-002
  0.31006559627372476       0.32117569278002694        1.4152224707041567E-002
  0.31293745171828680       0.32008705096067719        1.4138188317525380E-002
  0.31583590654631333       0.31899641953432500        1.4124151840425588E-002
  0.31876120712368688       0.31790402621282332        1.4110156162246968E-002
  0.32171360209815242       0.31680995575464915        1.4096240915619233E-002
  0.32469334242045345       0.31571362314212037        1.4082345565916646E-002
  0.32770068136566177       0.31461443512961534        1.4068409262221779E-002
  0.33073587455470499       0.31351201559561287        1.4054404644848157E-002
  0.33379917997609526       0.31240671587134999        1.4040402822748540E-002
  0.33689085800785695       0.31129863761478094        1.4026427887801203E-002
  0.34001117143965998       0.31018785354265060        1.4012501203685766E-002
  0.34316038549515571       0.30907448329711146        1.3998653012071777E-002
  0.34633876785452028       0.30795866868299854        1.3984928358533173E-002
  0.34954658867720784       0.30684009812957902        1.3971321041998531E-002
  0.35278412062491349       0.30571841085678675        1.3957820304409866E-002
  0.35605163888475022       0.30459335962645279        1.3944433383163488E-002
  0.35934942119263874       0.30346560455304206        1.3931287165554113E-002
  0.36267774785691409       0.30233465640918578        1.3918329147251137E-002
  0.36603690178215276       0.30119968846650663        1.3905460882811686E-002
  0.36942716849321855       0.30005988344228024        1.3892588378492408E-002
  0.37284883615953274       0.29891504026169813        1.3879694922313768E-002
  0.37630219561956807       0.29776574403383566        1.3866931448571863E-002
  0.37978754040556834       0.29661260136064016        1.3854471822002248E-002
  0.38330516676849985       0.29545622160841012        1.3842490140790260E-002
  0.38685537370323164       0.29429781094685764        1.3831237652504810E-002
  0.39043846297395096       0.29313658825876793        1.3820605314510990E-002
  0.39405473913981193       0.29197047781756308        1.3810281644919797E-002
  0.39770450958082237       0.29079740389666503        1.3799968537760415E-002
  0.40138808452397168       0.28961590212357591        1.3789453554761966E-002
  0.40510577706959910       0.28842712155776978        1.3778997552827642E-002
  0.40885790321800825       0.28723285478273847        1.3769036683309401E-002
  0.41264478189632592       0.28603489285490752        1.3759993831162972E-002
  0.41646673498560999       0.28483557565643514        1.3752320491309204E-002
  0.42032408734820981       0.28363508101564966        1.3746029358138095E-002
  0.42421716685537880       0.28242920130177002        1.3740544110008260E-002
  0.42814630441514417       0.28121357602110231        1.3735293412064571E-002
  0.43211183400043357       0.27998383432542551        1.3729754021115856E-002
  0.43611409267745932       0.27873970985261393        1.3737327626490083E-002
  0.44015342063437429       0.27748666169645436        1.3792579804868699E-002
  0.44423016121018255       0.27623047473433104        1.3850155280746995E-002
  0.44834466092392611       0.27497719441084789        1.3911383844892355E-002
  0.45249726950413810       0.27372994699373426        1.3976820301654914E-002
  0.45668833991856594       0.27248063111033682        1.4045055952934610E-002
  0.46091822840417945       0.27121965636534451        1.4114400833551857E-002
  0.46518729449744478       0.26993763398477327        1.4183131182908374E-002
  0.46949590106488875       0.26863359440293055        1.4250948446416719E-002
  0.47384441433394098       0.26731352593701446        1.4319010582928553E-002
  0.47823320392405966       0.26598283978572484        1.4388474727177837E-002
  0.48266264287815497       0.26464692647452231        1.4460533743435623E-002
  0.48713310769429174       0.26330610588696307        1.4535151392335802E-002
  0.49164497835769511       0.26195773552286444        1.4611872047760165E-002
  0.49619863837304817       0.26060125714350180        1.4690890780794103E-002
  0.50079447479708583       0.25923611251015105        1.4772411249298241E-002
  0.50543287827150063       0.25786416676134494        1.4856841662470616E-002
  0.51011424305614150       0.25648581262446701        1.4944151639246957E-002
  0.51483896706252874       0.25509660132952999        1.5033698238516600E-002
  0.51960745188767554       0.25369205848881732        1.5124814328067580E-002
  0.52442010284821972       0.25227294621278307        1.5217758167078307E-002
  0.52927732901488178       0.25084474788764960        1.5313962213486756E-002
  0.53417954324722949       0.24939825878669708        1.5414109919481889E-002
  0.53912716222877477       0.24792365232700506        1.5516570513304139E-002
  0.54412060650239003       0.24641015194467616        1.5618841591695076E-002
  0.54916030050605036       0.24485545551844451        1.5720104562064411E-002
  0.55424667260891769       0.24327598969656139        1.5823835063134034E-002
  0.55938015514774464       0.24168941153333634        1.5934187810313923E-002
  0.56456118446362724       0.24010923566104048        1.6054439408414407E-002
  0.56979020093909294       0.23851834829937060        1.6179305839212156E-002
  0.57506764903552821       0.23692420536669873        1.6312703907328897E-002
  0.58039397733096409       0.23534153842885763        1.6461514843135839E-002
  0.58576963855820152       0.23378953420060938        1.6634375987730703E-002
  0.59119508964329137       0.23233670479022428        1.6851605584271810E-002
  0.59667079174437754       0.23091451682141362        1.7094899631964523E-002
  0.60219721029088824       0.22940847648274235        1.7331043528164607E-002
  0.60777481502310438       0.22770397847050508        1.7523981761748880E-002
  0.61340408003208291       0.22572464111003387        1.7651335818795008E-002
  0.61908548379995310       0.22356423971026862        1.7737754530609037E-002
  0.62481950924059193       0.22135878711881105        1.7818293117661924E-002
  0.63060664374066355       0.21924429618326474        1.7929465586982510E-002
  0.63644737920105510       0.21723657955108280        1.8069384380544354E-002
  0.64234221207868325       0.21525870446378043        1.8217868556783125E-002
  0.64829164342869172       0.21334829406607278        1.8400731886254504E-002
  0.65429617894704484       0.21154340624757031        1.8645573473043818E-002
  0.66035632901350416       0.20995799861910808        1.9000911525479773E-002
  0.66647260873501835       0.20863283837301161        1.9477003070968835E-002
  0.67264553798950233       0.20729851612479927        1.9983737626256166E-002
  0.67887564147002499       0.20567676082498756        2.0421972337240638E-002
  0.68516344872941304       0.20353698538517406        2.0707283093779734E-002
  0.69150949422525432       0.20097790150525144        2.0875665436339570E-002
  0.69791431736533505       0.19816858820688366        2.0976879040773208E-002
  0.70437846255348424       0.19527025529636335        2.1058156936394609E-002
  0.71090247923584593       0.19238962169075408        2.1150800249621661E-002
  0.71748692194758734       0.18931353468717946        2.1187662313389768E-002
  0.72413235036002543       0.18618918267516665        2.1216349186889312E-002
  0.73083932932820739       0.18324731240095712        2.1312010535820450E-002
  0.73760842893891809       0.18072166292574299        2.1548752010830355E-002
  0.74444022455913506       0.17874056252650508        2.1929763341578205E-002
  0.75133529688494061       0.17704786168056583        2.2410474072230332E-002
  0.75829423199087065       0.17532302077413331        2.2951957936388420E-002
  0.76531762137974113       0.17324927372908805        2.3517508538272187E-002
  0.77240606203291950       0.17085824040657843        2.4173919218754648E-002
  0.77956015646106647       0.16828129932312774        2.4906114155622355E-002
  0.78678051275535166       0.16551136195788385        2.5614231028178114E-002
  0.79406774463913921       0.16254133978999474        2.6193278209587931E-002
  0.80142247152015555       0.15935168201361524        2.6590750996186442E-002
  0.80884531854313724       0.15594901891405322        2.6865596066225794E-002
  0.81633691664296626       0.15236982412368449        2.7071760646694722E-002
  0.82389790259830076       0.14865059737927733        2.7264457582989149E-002
  0.83152891908569937       0.14482429949858053        2.7476235991077583E-002
  0.83923061473425042       0.14087656694499620        2.7675382954724118E-002
  0.84700364418070340       0.13676361912805926        2.7843947640525252E-002
  0.85484866812511040       0.13244136432172884        2.7964862804025954E-002
  0.86276635338698759       0.12789998381709511        2.8036189793591813E-002
  0.87075737296199296       0.12320061335920630        2.8084932839895955E-002
  0.87882240607913220       0.11827229127936899        2.8076490449013163E-002
  0.88696213825849135       0.11303231036910212        2.7970719854507949E-002
  0.89517726136950326       0.10743819673850029        2.7750687624567089E-002
  0.90346847368975880       0.10163571498204671        2.7502574682123353E-002
  0.91183647996435768        9.5493928420442215E-002   2.7141401559202978E-002
  0.92028199146581380        8.8828825833359659E-002   2.6549905812575797E-002
  0.92880572605451117        8.1473240117759776E-002   2.5640532395664682E-002
  0.93740840823971960        7.3525314463816133E-002   2.4670053985080855E-002
  0.94609076924117952        6.5002994307333986E-002   2.3460060983861292E-002
  0.95485354705125369        5.5854338403271857E-002   2.1667304363607878E-002
  0.96369748649765841        4.6021058782244072E-002   1.8943007390628645E-002
  0.97262333930677092        3.5219340393910621E-002   1.4993442093963789E-002
  0.98163186416752446        2.3656808749907002E-002   1.0168902713499423E-002
  0.99072382679589788        1.1802133617594322E-002   5.0082443369815514E-003
  0.99989999999999957        1.2398476433453582E-004   5.0681884931459340E-005
